4294967279,107
4294967279,106
4294967279,105
4294967279,104
4294967279,103
4294967279,102
4294967279,101
4294967279,100
4294967279,99
4294967279,98
4294967279,97
4294967279,96
4294967279,95
4294967279,94
4294967279,93
4294967279,92
4294967279,91
4294967279,90
4294967279,89
4294967279,87
4294967279,86
4294967279,85
4294967279,84
4294967279,83
4294967279,82
4294967279,81
4294967279,80
4294967278,182
4294967278,48
4294967278,47
4294967278,46
4294967278,44
4294967278,41
4294967278,39
4294967278,37
4294967278,36
4294967278,35
4294967278,34
4294967278,29
4294967278,27
4294967278,25
4294967278,24
4294967278,23
4294967278,174
4294967278,21
4294967278,284
4294967278,20
4294967278,273
4294967278,19
4294967278,18
4294967278,17
4294967278,16
4294967278,267
4294967278,15
4294967278,14
4294967278,13
4294967278,12
4294967278,11
4294967278,10
4294967278,262
4294967278,9
4294967278,8
4294967278,7
4294967278,6
4294967278,5
4294967278,4
4294967279,132
4294967279,131
4294967279,130
4294967279,129
4294967279,128
4294967279,387
4294967279,127
4294967279,126
4294967279,125
4294967279,124
4294967279,123
4294967279,251
4294967279,122
4294967279,121
4294967279,120
4294967279,119
4294967279,118
4294967279,243
4294967279,117
4294967279,241
4294967279,116
4294967279,115
4294967279,239
4294967279,114
4294967279,113
4294967279,235
4294967279,112
4294967279,111
4294967279,110
4294967279,109
4294967279,108
4294967279,53
4294967279,49
4294967279,47
4294967279,45
4294967279,37
4294967279,35
4294967279,34
4294967279,25
4294967279,23
4294967279,12
4294967279,174
4294967279,10
4294967278,181
4294967294,451
4294967294,422
4294967279,433
4294967278,368
4294967278,367
4294967278,178
4294967278,366
4294967278,177
4294967278,176
4294967278,293
4294967278,175
4294967278,291
4294967279,432
4294967278,171
4294967278,168
47,6
4294967278,170
47,5
47,4
4294967278,169
47,3
47,2
47,1
4294967278,365
4294967279,170
4294967278,364
4294967278,45
4294967278,363
4294967279,431
4294967279,55
4294967278,362
4294967279,167
4294967278,288
4294967279,166
4294967278,164
4294967294,1425
4294967294,1074
4294967294,438
4294967294,1152
4294967294,1079
4294967294,162
4294967279,52
4294967279,165
4294967279,298
4294967278,163
4294967278,287
4294967279,164
4294967278,162
4294967279,430
4294967279,50
4294967278,361
4294967278,49
4294967278,160
4294967279,161
4294967278,157
4294967278,159
4294967279,160
4294967278,158
4294967279,159
4294967279,296
4294967278,33
4294967278,43
4294967279,43
4294967278,360
4294967278,42
4294967278,154
4294967278,153
4294967279,153
4294967278,40
4294967278,152
4294967279,152
4294967278,151
4294967279,151
4294967278,38
4294967279,149
4294967278,148
4294967278,145
4294967279,148
45,6
4294967278,147
45,5
4294967279,147
45,4
4294967278,146
45,3
45,2
45,1
4294967278,322
4294967279,146
4294967278,32
4294967278,22
4294967279,32
4294967279,292
4294967278,31
4294967279,31
4294967279,143
4294967278,30
4294967279,142
4294967278,141
4294967279,141
4294967278,28
4294967278,140
4294967279,140
4294967278,139
4294967279,27
4294967278,26
4294967278,320
4294967278,276
4294967279,137
4294967278,134
4294967278,136
4294967279,136
4294967278,135
4294967279,135
4294967279,21
4294967279,396
4294967294,393
4294967294,115
4294967279,20
4294967279,283
4294967279,309
4294967279,260
4294967279,273
4294967294,165
4294967294,166
4294967278,359
4294967279,17
4294967279,272
4294967279,289
4294967279,271
4294967279,15
4294967279,395
4294967279,269
4294967279,266
4294967279,287
43,5
43,4
4294967279,267
43,3
43,2
43,1
4294967279,429
4294967279,285
4294967278,358
4294967279,262
4294967279,284
4294967279,259
4294967278,357
4294967278,318
4294967278,316
4294967279,428
4294967278,312
4294967278,314
42,5
42,4
4294967278,313
42,3
42,2
42,1
4294967278,356
4294967278,311
4294967279,427
4294967278,255
4294967279,426
4294967278,355
4294967278,254
4294967294,472
4294967279,425
4294967278,253
4294967278,354
4294967278,252
4294967278,251
4294967278,248
4294967278,246
41,6
41,5
4294967278,244
41,4
41,3
41,2
41,1
4294967278,242
4294967294,388
4294967294,387
4294967278,239
4294967279,424
4294967279,0
4294967278,237
4294967278,353
4294967278,352
4294967278,236
4294967294,392
4294967294,390
4294967294,389
4294967294,120
4294967294,114
4294967278,234
4294967278,235
4294967278,232
4294967278,231
4294967278,226
4294967278,224
4294967278,222
4294967294,76
4294967278,219
4294967294,5
4294967294,1067
